{
  "GlobalObjectId_V1-2-ab12d37d278dc2c4894e3d14919a4251-289876815-0": {
    "GameObjectId": "GlobalObjectId_V1-2-ab12d37d278dc2c4894e3d14919a4251-289876815-0",
    "SectionColorRed": 1.0,
    "SectionColorGreen": 0.8333334,
    "SectionColorBlue": 0.5,
    "SectionAltColorRed": 0.5,
    "SectionAltColorGreen": 0.375,
    "SectionAltColorBlue": 0.125
  },
  "GlobalObjectId_V1-2-ab12d37d278dc2c4894e3d14919a4251-2062466053-0": {
    "GameObjectId": "GlobalObjectId_V1-2-ab12d37d278dc2c4894e3d14919a4251-2062466053-0",
    "SectionColorRed": 0.5,
    "SectionColorGreen": 0.5,
    "SectionColorBlue": 1.0,
    "SectionAltColorRed": 0.125,
    "SectionAltColorGreen": 0.125,
    "SectionAltColorBlue": 0.5
  },
  "GlobalObjectId_V1-2-ab12d37d278dc2c4894e3d14919a4251-155972643-0": {
    "GameObjectId": "GlobalObjectId_V1-2-ab12d37d278dc2c4894e3d14919a4251-155972643-0",
    "SectionColorRed": 0.5,
    "SectionColorGreen": 1.0,
    "SectionColorBlue": 0.8333334,
    "SectionAltColorRed": 0.125,
    "SectionAltColorGreen": 0.5,
    "SectionAltColorBlue": 0.37500003
  }
}