{
  "GlobalObjectId_V1-2-c4e0c576c5acac34b9aa9721a77d6f42-698201427-0": {
    "GameObjectId": "GlobalObjectId_V1-2-c4e0c576c5acac34b9aa9721a77d6f42-698201427-0",
    "SectionColorRed": 0.5,
    "SectionColorGreen": 1.0,
    "SectionColorBlue": 0.8333334,
    "SectionAltColorRed": 0.125,
    "SectionAltColorGreen": 0.5,
    "SectionAltColorBlue": 0.37500003
  },
  "GlobalObjectId_V1-2-c4e0c576c5acac34b9aa9721a77d6f42-1968748470-0": {
    "GameObjectId": "GlobalObjectId_V1-2-c4e0c576c5acac34b9aa9721a77d6f42-1968748470-0",
    "SectionColorRed": 0.5,
    "SectionColorGreen": 1.0,
    "SectionColorBlue": 0.5,
    "SectionAltColorRed": 0.125,
    "SectionAltColorGreen": 0.5,
    "SectionAltColorBlue": 0.125
  },
  "GlobalObjectId_V1-2-c4e0c576c5acac34b9aa9721a77d6f42-1161191468-0": {
    "GameObjectId": "GlobalObjectId_V1-2-c4e0c576c5acac34b9aa9721a77d6f42-1161191468-0",
    "SectionColorRed": 1.0,
    "SectionColorGreen": 0.5,
    "SectionColorBlue": 0.5,
    "SectionAltColorRed": 0.5,
    "SectionAltColorGreen": 0.125,
    "SectionAltColorBlue": 0.125
  },
  "GlobalObjectId_V1-2-c4e0c576c5acac34b9aa9721a77d6f42-904102295-0": {
    "GameObjectId": "GlobalObjectId_V1-2-c4e0c576c5acac34b9aa9721a77d6f42-904102295-0",
    "SectionColorRed": 0.5,
    "SectionColorGreen": 0.833333254,
    "SectionColorBlue": 1.0,
    "SectionAltColorRed": 0.125,
    "SectionAltColorGreen": 0.37499994,
    "SectionAltColorBlue": 0.5
  }
}